20 20
1.369331793252944794e+11 1.621817018970261955e+10 4.144306524749131012e+10 4.408389281717348480e+10 4.365570420046561241e+09 6.723533072980422211e+10 1.162468487855326080e+10 8.827876125330809021e+10 1.174176565288925171e+10 1.015784149338453674e+11 3.266760876763035965e+10 2.293171676248913193e+10 7.168001989075529099e+09 1.610936492372484436e+11 2.092367705673551178e+10 2.458680347732146263e+09 2.230979385592548251e+08 5.232404897005529404e+08 1.593143324453714752e+10 1.846667755432958374e+11
5.791691177488385773e+10 3.915761934768850803e+09 1.097215592356586456e+10 9.097982619091876984e+09 1.453388630507947083e+11 5.132802470138461304e+10 5.571504469667741656e+07 1.707490234515088272e+10 1.265349661932653999e+10 5.321590549949226379e+09 7.573958594131204224e+10 9.961282465458010864e+10 5.990505673866407871e+08 1.558173992902796173e+10 7.002037540876257420e+07 8.391871530336014748e+09 1.016972369430836588e+08 1.755214180564013481e+09 2.986829275249871826e+10 6.759594772056277466e+10
4.825976070476380348e+09 4.465127880219610333e+08 1.185124596788795471e+09 1.140443165455174208e+09 3.457247600874403477e+09 3.051478600222070515e+07 1.356612824891516268e+08 1.289063888344323486e+08 2.257463243847472221e+07 1.714718684360873222e+09 3.086381604333206654e+09 8.046920734193897247e+08 1.368698756351350546e+08 5.029723820815895796e+08 2.371754986905381680e+08 5.896105872240747511e+07 7.848978862529761500e+03 6.400053138683599979e+07 1.306138983588500261e+09 6.084261763898185730e+09
1.153826137453381348e+10 8.867114081559398770e+07 4.610457496534293890e+08 2.431721155387147516e+07 2.298935558800283813e+11 2.138968818532126160e+11 2.911804390312577248e+09 1.256728628571419830e+11 4.730990104532927704e+10 8.148631511956688881e+09 7.129189913219496155e+10 2.699109168725613708e+11 2.904873389366448522e+08 1.669098822272673035e+11 5.570446881696125031e+09 2.375992128031847000e+10 5.109900702288709283e+08 1.884077660865859509e+09 2.563520033154828262e+10 9.649172511302370071e+09
4.968344693254255295e+09 1.867583606382716000e+08 5.911477473854154348e+08 3.407037902651062012e+08 3.592759756815819550e+10 2.475928158707432556e+10 1.498293729374690950e+08 1.273558649349161530e+10 5.636067375807653427e+09 9.145783600863671303e+07 1.366748935992757416e+10 3.526452936084476471e+10 1.589001050667519303e+04 1.572651936556457138e+10 2.987127088483214974e+08 3.063503514129583836e+09 5.643513708153260499e+07 3.419498401336406469e+08 5.113833198694778442e+09 5.135571513372785568e+09
7.930540083788157441e+06 2.523915372633904684e+06 3.777630781533604488e+06 1.298004449529427849e+07 1.869449496291833878e+09 2.299495019770961761e+09 5.033914761901357025e+07 1.494507785690840960e+09 4.968204592458037138e+08 2.115464060989697874e+08 4.534218373669127226e+08 2.617612390782450199e+09 1.036676181200961210e+07 2.087791944634573936e+09 9.461008076263420284e+07 2.331668284332513809e+08 5.700442726548938081e+06 1.287009988408032060e+07 1.543508760776131451e+08 6.544769326246868586e+05
4.275350250162897706e+08 2.090892464725198806e+05 1.068278733966519125e+06 1.343889211797103658e+07 1.695683376833053589e+10 1.777736779445420074e+10 3.031618535710064769e+08 1.093127867650633621e+10 3.891364649285232067e+09 1.052089202824544907e+09 4.771018685027239799e+09 2.144212637845726395e+10 4.502185772299899161e+07 1.485991165061860657e+10 5.748210934185647964e+08 1.897210944418074846e+09 4.317760225206881016e+07 1.296064761474192739e+08 1.680409150003123522e+09 2.797064365537723303e+08
4.198005906891589355e+10 5.398784334374284744e+09 1.363404058775325012e+10 1.495225238277863312e+10 1.671715340483786762e+08 4.056874898057895660e+10 4.742922351905349731e+09 4.491102093071648407e+10 7.530467615647895813e+09 3.846730808921897888e+10 5.928574863748515129e+09 2.086877843809726715e+10 2.637305302721960068e+09 7.768002732193486023e+10 8.581541604892905235e+09 2.077904308404227495e+09 1.247281575723371357e+08 7.587266454409918189e+07 3.204133947730706692e+09 5.797911991470969391e+10
6.399316761621836853e+10 7.438581607056214333e+09 1.906034961226581192e+10 2.013073036588727951e+10 3.449199928308868885e+09 2.605516946811743164e+10 5.068593418605179787e+09 3.614882073367476654e+10 4.454367735979282379e+09 4.515304319360475922e+10 1.686857885615645027e+10 7.554989122041768074e+09 3.209390236747188568e+09 6.703426666992446899e+10 9.110533967954528809e+09 8.370358367081419230e+08 8.868081666995701194e+07 2.795781537502315044e+08 8.086281475119336128e+09 8.584225684374008179e+10
1.334253338614889717e+10 1.758265178744053125e+09 4.425173184524288177e+09 4.895831551462859154e+09 2.490450148695381582e+08 1.524553210924341583e+10 1.632059738368497133e+09 1.628319794026816940e+10 2.863922852177546501e+09 1.298319204674592400e+10 1.556321194003116846e+09 8.434106437914222717e+09 8.832664906396667957e+08 2.782701145798276901e+10 2.956839967231827736e+09 8.299003330624953508e+08 4.614829245839443803e+07 1.791292284649691358e+07 8.781736700910134315e+08 1.856054850207252121e+10
7.654144862641127014e+10 5.382290955375484467e+09 1.497356104100444984e+10 1.266829222690090561e+10 1.717489502321646423e+11 5.410205052647440338e+10 1.689073511534757912e+08 1.622881570512114716e+10 1.355402324515864563e+10 8.710254095094533920e+09 9.318826389891003418e+10 1.113202680213332214e+11 9.176342795103282928e+08 1.352752529621173859e+10 2.452238439786998928e+08 9.328235992662225723e+09 1.039960261003158092e+08 2.139854930981974840e+09 3.697309450737124634e+10 9.015564131606996155e+10
4.052229638246347904e+09 1.197300652438186080e+04 2.760243799344509467e+07 6.726200179736781120e+07 1.410378336225730286e+11 1.450613151177657166e+11 2.392099875538182259e+09 8.857199528662686157e+10 3.180480447009481049e+10 8.062838991806376457e+09 4.033520399214125824e+10 1.762162566067353210e+11 3.372849961759790182e+08 1.199777397474250336e+11 4.541379667532229424e+09 1.557901908871434212e+10 3.514182784971681237e+08 1.090601833251260996e+09 1.425715891879009819e+10 2.803563104397263527e+09
2.886314532031015778e+10 1.829972646029870033e+09 5.189552321661940575e+09 4.159599139934083462e+09 8.553680624133952332e+10 3.504453467554074097e+10 8.958657309358856874e+05 1.313164270043585205e+10 8.470061168786907196e+09 1.783391378013357639e+09 4.209015702166595459e+10 6.319000979209429169e+10 2.300698921122934222e+08 1.316576283657250595e+10 3.563539278537292887e+01 5.360375141102471352e+09 7.199605880822449923e+07 9.884595073069139719e+08 1.645175131471992111e+10 3.319512079085009003e+10
6.369987628976292419e+10 8.292357645285498619e+09 2.090570127060651779e+10 2.302801537591075516e+10 6.329425471053129435e+08 6.702650745958403015e+10 7.489879127925363541e+09 7.284057271514532471e+10 1.251903205581705856e+10 6.015447793298162079e+10 8.198231637928401947e+09 3.581574459250090027e+10 4.108110504907354355e+09 1.252119607048982086e+11 1.356077954890349388e+10 3.544001637336990356e+09 2.044190472421745360e+08 9.984805179399594665e+07 4.522701365213603973e+09 8.829229430705078125e+10
7.178598571381122589e+09 3.108741034877799988e+09 6.877635803573228836e+09 1.043496883079037476e+10 1.842466759093866882e+11 3.346891051257493286e+11 1.144792940703675270e+10 2.435726527366981506e+11 7.030968430577932739e+10 6.221806013443134308e+10 2.746780156677960205e+10 3.348524492100365601e+11 3.547977881518502235e+09 3.585448162136590576e+11 2.123111935409302521e+10 3.029629407399580383e+10 8.660455114944673777e+08 9.154604623034088612e+08 8.154009327970450401e+09 1.537250142653379631e+10
1.072994954971634865e+10 5.100073134696238488e+07 3.260949254603692293e+08 6.602000248740272364e+05 2.447988602575128479e+11 2.341084298300924072e+11 3.368391694891285896e+09 1.390427200973977356e+11 5.165403475457193756e+10 9.983270495163139343e+09 7.430208313560472107e+10 2.923174697580004883e+11 3.750180956036979556e+08 1.857034883596967773e+11 6.429249198635746956e+09 2.576286995230876541e+10 5.614634356288889647e+08 1.975432185794019699e+09 2.659859044012777328e+10 8.623151202031229019e+09
2.655483645855976105e+10 2.667633158928494930e+09 6.988321764901099205e+09 6.963762650177916527e+09 1.063904517558033752e+10 7.659142075459462404e+08 1.139993742934224129e+09 3.592312687500220776e+09 5.877360723819334805e+07 1.230907593701537132e+10 1.302046622877251434e+10 5.743037391783871651e+08 9.356196421993741989e+08 8.515786502777329445e+09 2.019393421209360600e+09 2.785106321103395149e+07 5.033153324799606577e+06 2.556139598172962666e+08 5.692208576024744987e+09 3.421558948965453720e+10
5.496358131372774124e+09 1.726145284346972476e+05 2.891651396513314545e+07 1.135380158903227746e+08 1.993173874187347107e+11 2.062714022904444275e+11 3.438814712261151791e+09 1.262333917532340240e+11 4.520137659357926941e+10 1.170258968459784317e+10 5.670539384069347382e+10 2.499965092510749207e+11 4.932430372488422394e+08 1.711899942500541382e+11 6.525853107528458595e+09 2.210763031614534760e+10 5.001192848814907074e+08 1.535524333792553425e+09 2.002072284845020294e+10 3.738535341033898830e+09
9.364079475451184082e+10 9.196378295939792633e+09 2.417728855124184418e+10 2.386580624071671295e+10 4.491376896701306915e+10 9.402867179475222826e+08 3.603051963926097870e+09 9.041787955493301392e+09 2.054421981624401733e+07 4.044061516797895813e+10 4.962922236005708313e+10 4.532924428414339066e+09 3.112581082570954800e+09 2.325244491624962234e+10 6.362545744155267715e+09 2.751444740616285801e+08 9.894277011862747371e+06 9.909634748174915314e+08 2.148259717084069443e+10 1.199264587779588013e+11
4.221594353016711712e+09 4.312599040555522591e+07 2.010035526814869940e+08 2.260140649839357659e+07 7.588231227383500671e+10 6.903528965651689148e+10 8.966414522992818356e+08 4.019810468191500092e+10 1.530012556633578110e+10 2.383623887315223217e+09 2.393885184875232697e+10 8.787321164414306641e+10 8.087939769858583808e+07 5.313853191717212677e+10 1.718730953284798384e+09 7.727854003214390755e+09 1.643891843424161077e+08 6.296462338054621220e+08 8.638360827036151886e+09 3.630741169349893093e+09
