-1 1 1 1 1 1 1 1 1 1 1 1 1 1 1 1
-1 1 1 1 1 1 1 1 1 1 1 1 1 1 1 1
-1 -1 1 1 1 1 1 1 1 1 1 1 1 1 1 1
-1 -1 -1 -1 1 1 1 1 1 1 1 1 1 1 1 1
1 1 1 1 1 -1 1 1 -1 -1 -1 -1 -1 -1 -1 -1
1 1 1 1 1 1 1 1 -1 -1 -1 -1 -1 -1 -1 -1
1 1 1 1 1 1 1 -1 -1 -1 -1 -1 -1 -1 -1 -1
1 1 1 1 1 1 1 1 -1 -1 -1 -1 -1 -1 -1 -1
-1 -1 -1 -1 -1 -1 -1 -1 -1 1 1 1 1 1 1 1
-1 -1 -1 -1 -1 -1 1 1 -1 -1 1 1 1 1 1 1
-1 -1 -1 -1 -1 -1 -1 -1 -1 -1 -1 1 1 1 1 1
-1 -1 -1 -1 -1 -1 -1 -1 -1 -1 -1 1 1 1 1 1
1 1 1 1 1 1 1 1 1 1 1 1 -1 -1 -1 -1
1 1 1 1 1 1 1 1 1 1 1 1 1 -1 -1 -1
1 1 1 1 1 1 1 1 1 1 1 1 1 1 -1 -1
1 1 1 1 1 1 -1 -1 1 1 1 1 1 1 1 -1
73.77227389963625
70.23688790653559
22.341157096358742
2.303015518319726
